20x100x10
Y
|---------------------------------------------------------------------------------------------------|
|                                                                                                   |-10
|                                                                                                   |-9
|                                                                                                   |-8
|                                                                                                   |-7
|                                                                                                   |-6
|                                                                                                   |-5
|                                                                                                   |-4
|                                                                                                   |-3
|                                                                                                   |-2
|                                                 P                                                 |-1
|                                                                                                   | 0
|                                                                                                   | 1
|                                                                                                   | 2
|                                                                                                   | 3
|                                                                                                   | 4
|                                                                                                   | 5
|                                                                                                   | 6
|                                                                                                   | 7
|                                                                                                   | 8
|---------------------------------------------------------------------------------------------------|
Y
|---------------------------------------------------------------------------------------------------|
|                                                                                                   |-10
|                                                                                                   |-9
|                                                                                                   |-8
|                                                                                                   |-7
|                                                                                                   |-6
|                                                                                                   |-5
|                                                                                                   |-4
|                                                                                                   |-3
|                                                                                                   |-2
|                                                                                                   |-1
|                                                                                                   | 0
|                                                                                                   | 1
|                                                                                                   | 2
|                                                                                                   | 3
|                                                                                                   | 4
|                                                                                                   | 5
|                                                                                                   | 6
|                                                                                                   | 7
|                                                                                                   | 8
|---------------------------------------------------------------------------------------------------|